A =  [0.4 0.3 0; -0.7 1.4 -0.2; 0.4 -1.5 0.4];
b = [1.0; 1.5; -1.4];
D = [0.4 0 0; 0 1.4 0; 0 0 0.4];
L = [0.4 0 0; -0.7 1.4 0; 0.4 -1.5 0.4];
U = [0.4 0.3 0; 0 1.4 -0.2; 0 0 0.4];

[z] = richardson2([0.4 0.3 0; -0.7 1.4 -0.2; 0.4 -1.5 0.4], [1.0; 1.5; -1.4], 50)
